109518 94429
50823 86126
878539 67967
541161 12951
812643 37413
543646 8387
639156 84775
921817 13552
215734 42089
216198 19237
639666 93262
947240 98652
987332 47452
79057 11431
231810 5842
816623 17267
503393 41328
609294 83797
896747 98283
435695 66806
875192 9389
510515 95692
9243 30699
572787 32331
351567 41328
134589 5336
903987 7584
355036 98180
325963 7671
613512 50444
967711 57772
899099 46486
846634 71103
885737 24744
207901 43380
969121 21431
333475 99445
630143 79635
428318 42717
84045 19282
540969 79884
803820 34985
333165 61308
368978 58855
109298 75479
733250 98841
445327 77008
64462 48701
173444 91960
551692 50198
787981 81345
980789 20812
516798 21455
980523 27283
362916 45115
241351 80919
315904 3885
865192 45170
204024 65420
340898 34169
249361 29673
423033 90499
739199 94687
502999 87494
954044 12643
810339 71042
608205 42024
379830 7479
434761 25002
586469 60352
941271 97677
701561 27819
389340 73526
938945 83104
833624 9715
939387 96194
386692 82984
294023 62419
849913 25891
554885 13373
884414 20308
62331 65223
672701 92618
133971 58512
835215 23813
421489 20439
64609 92837
66362 39401
238856 53948
563662 5306
317851 72479
671815 3049
381819 4543
830433 65837
795561 48083
68390 85317
266891 79974
688943 47072
605583 55943
79755 22913
59704 57150
249986 17596
656996 24312
578260 16348
838005 12204
484682 41921
161321 55856
860398 72848
155036 43140
807574 7182
108850 50596
146921 75964
523035 92092
348034 35863
175128 44970
602119 27788
445383 34831
359142 52104
684803 18731
30934 37401
595674 22808
195015 31967
704815 73346
332837 71764
778945 76202
326798 40411
16374 4146
296237 73718
825933 55760
217081 60622
588409 1060
235890 19199
671303 50144
168874 11383
48784 72457
395264 16159
748125 60809
950506 90278
162041 69291
861845 83343
940105 57337
377834 88642
178711 72830
528589 74070
834691 4643
5702 45670
81220 39452
489595 57943
869326 68874
141331 74820
890978 34461
111621 36594
643224 55454
641097 62126
861820 21616
778953 2941
691582 1924
274753 73138
863560 86644
391287 19694
581715 14602
154053 13340
187635 62934
448160 59999
334818 73312
7772 89490
642435 42147
897601 35744
697869 2010
123626 38697
41637 76041
877964 18930
92067 49570
152565 69069
505114 55626
170228 43851
973543 3180
782465 40632
631 61177
734488 30624
336465 51800
593947 58611
894354 78900
780909 91547
546595 8574
184614 20886
839815 4583
870504 78930
764350 48234
920211 23068
83271 85815
388994 6790
447422 56813
734341 71458
918434 64404
816203 85180
243790 54898
233797 10149
418047 54495
279420 31058
951943 80993
585575 80386
75667 8110
756343 72430
995498 40016
142182 92905
799695 78768
651932 31175
218984 47116
727871 86272
887803 37417
908667 44073
470574 47944
302438 58815
189872 4972
885965 98209
78594 58167
966276 87891
960321 54260
510627 38970
948226 55818
550937 69160
700334 47920
511387 2868
105491 35670
89438 39257
299682 93293
641236 98104
656919 70255
691578 60025
558233 63142
21308 93894
81785 36827
307438 3935
259256 58457
30626 34417
503576 7482
471753 81562
300781 20262
672283 83140
222396 6271
399563 61720
276176 22077
808683 57150
17174 49446
328939 261
110506 75406
728584 66599
886885 8642
267098 52374
886790 46141
869974 97723
395636 6717
626978 41726
324865 12768
619038 99260
577332 63613
585689 34952
92101 53507
819304 10724
927336 25626
201032 48242
14840 37841
746483 45967
998340 1725
564217 29932
344007 1481
308198 50542
292267 39642
952410 51527
267139 33484
197096 87799
622751 44470
214328 99136
209859 31203
856829 49983
698224 53546
207739 74212
20178 29416
647492 54221
504 34870
452702 28060
678601 44510
600504 77251
728778 70867
620702 69265
157063 95916
356737 17797
633285 96165
43720 71064
121046 59495
13041 548
991111 35621
81388 20779
691351 27640
62509 28879
973290 91854
552716 31563
308813 51890
139109 53219
222483 53942
549857 59810
93959 79545
192062 22945
994008 27243
86737 35781
652680 31405
483378 16129
353259 43790
171429 64765
809996 44609
252815 50290
781852 83285
951527 5530
958748 90664
160958 90635
366796 97582
593478 10814
650111 60754
187996 85539
537671 44118
791875 91085
923565 90350
834139 75252
356368 76824
837784 5568
755857 82715
982352 90598
412479 54060
144723 33878
540864 87578
585159 5680
532846 7659
368413 94989
996879 82956
343425 72760
380196 34550
724899 51651
443254 3761
96936 59038
564605 15974
998688 34719
541669 36813
890872 81039
431268 70499
874429 51946
373978 72131
879790 75939
670927 23175
122482 64554
353665 67806
202355 82258
633909 33861
553973 27253
2642 77162
393135 50908
101978 67246
920410 8175
405565 59998
630497 11281
879579 36833
808963 4925
480863 53556
193082 5104
486009 68142
335947 15563
297820 39674
573534 38301
981905 31728
525242 43858
294765 84547
68144 34728
342902 13094
73092 88554
316186 48467
101651 3588
724864 12116
965671 26965
148421 22078
390219 58752
990666 34429
474102 26165
780817 88486
220213 63987
207844 62722
263620 61806
696534 18960
932054 31763
836668 55787
820605 5145
225084 69206
381321 22255
865572 49947
672024 46992
22095 13992
648420 62243
788407 12761
301246 22522
202860 85576
848297 37810
815968 10704
429663 28268
960030 28853
584639 61716
366860 96698
982255 5244
843850 91943
58241 63575
226918 9421
723412 30265
308859 49013
778125 88184
527057 13617
699192 95722
149883 29916
656971 63840
692107 65850
994702 86634
964701 68489
481538 79341
500936 47913
956207 63792
827366 61137
86910 14448
261064 54284
819648 10321
214856 86274
699890 97772
193493 41912
988180 15434
495625 43375
825577 45150
731783 87732
872572 20278
915970 12836
60748 54109
817900 33257
794394 16954
547753 61617
215900 81303
207975 8816
895089 51899
149670 22831
681094 11331
26764 59514
719241 69273
830775 22388
226471 44817
881446 78909
291744 99042
453150 13768
247024 52491
885797 87401
949018 41417
439071 33549
242365 81269
233168 63398
102580 53805
765135 99189
275055 83673
969298 8250
830638 94295
55463 16424
395332 73460
672502 53260
767027 87076
555918 42003
945756 14051
571819 41714
391615 11125
92393 10890
174287 50331
804135 41912
257453 76866
576890 85622
393871 32507
43153 62539
378962 40860
314320 14967
68226 74294
977721 3173
661527 35253
849303 49990
491704 7282
18406 37473
948362 99670
550000 27151
985414 39000
432217 54134
956107 42866
291724 9107
587997 49978
607189 34876
949842 66959
741252 37860
941032 34420
369672 35324
285313 2559
726192 35326
672798 93368
693037 44598
371748 37512
776511 43036
113522 73513
116379 8728
734186 69628
935957 24454
775682 22182
805492 43146
981005 41875
776294 63095
298418 38389
557299 45965
397642 83731
877098 83490
28087 70440
207951 86487
845874 16186
789699 813
225892 59395
545375 22429
346882 60077
798611 81331
540828 38915
880790 4102
183549 38185
476573 57083
319400 81966
65696 33871
833712 17041
787480 59146
61984 61799
294336 11782
12595 7857
867252 84034
22814 38486
714915 28978
926660 86048
524962 29877
150330 67488
22024 5751
579186 33878
815844 14948
565170 98585
131977 97891
373388 98881
260679 19457
947590 35371
343228 71367
155400 60184
198670 10479
655808 94566
580613 29936
459812 82467
49954 5574
27677 10141
944019 88329
603276 6862
21798 76214
674104 68445
83678 53774
589582 63844
999214 60708
932074 37172
497355 42441
69271 87474
298391 12376
158663 25078
307545 79003
500928 18474
744967 73850
462179 28604
651817 5337
997902 81806
266603 73614
827388 88357
752200 50280
210987 33321
470492 51414
610206 59413
746886 84199
212926 95829
920906 61628
440630 71589
506414 44802
135004 41557
470161 67732
973068 13534
695339 21977
311943 70969
675678 78293
828572 55682
589002 27877
695642 55911
215323 59494
60044 5848
18028 78560
40187 72969
160909 55285
200087 80816
938724 67323
951406 51442
964975 25236
563565 24474
411794 76665
654958 75507
531188 87471
31700 99881
555791 36541
696034 27341
549540 87465
282376 72429
61750 67567
22852 22562
319729 22658
406332 39290
590731 58453
700040 57738
798563 72057
248721 63604
139110 26708
330531 20030
419911 86649
823190 62230
605922 92053
779518 35575
308004 55462
239380 61893
900807 69753
108762 78583
517872 20535
995339 31446
389183 24954
697010 95379
475334 4097
430804 62083
882112 14444
801092 61334
639915 2022
310427 40633
176208 45837
917650 89944
668188 84211
370315 73381
451964 85346
822233 95428
26873 86187
111141 33923
29301 16055
120151 24502
786584 20987
635430 67307
344992 85048
487069 52873
93506 84907
747095 13847
403790 69713
270275 81096
370828 88330
673675 56941
152368 39143
825330 12259
346182 79241
595295 52822
777323 91834
912820 31798
815456 80259
265306 48249
17474 60447
661705 52374
66221 10979
897043 25151
622598 86362
91043 67317
324257 93426
332568 81070
293328 76624
172216 57897
127070 39509
531343 67511
515660 4393
984651 44162
508763 47467
7913 49956
518681 26236
153566 85970
111120 1253
603967 50608
734276 33718
243495 95009
492430 74884
567859 76062
250311 2110
941618 40075
23937 77380
798124 89312
949826 55948
903414 82774
549081 58588
501175 27678
613647 84114
685366 54740
221699 41119
491188 89332
500693 72326
563561 51034
343447 9474
811583 47771
387845 10109
487489 53201
258864 28133
984080 1964
101090 8689
667276 3845
831523 50170
234283 84802
855893 61521
718991 36001
241684 93943
66268 26530
977563 42376
768202 46180
793951 21010
431118 79784
849336 81795
626280 34958
753274 8200
316888 26711
530556 54363
20884 516
701669 78430
356302 71519
207519 57562
151504 75293
318174 49202
707930 34124
880303 12089
133098 92483
572266 74253
372400 80567
31877 21602
46153 98679
125389 85150
639512 79392
896259 72296
50725 76747
948265 97928
155489 23379
515023 72135
637689 23344
557467 33196
645284 61970
854452 54122
628374 94733
891652 26717
364670 17125
32155 23528
708677 10822
806566 73896
846191 64540
41286 2824
300751 13268
852998 5903
178037 72591
795935 68020
201215 15725
677694 69753
823874 62851
173935 32145
475214 68600
2076 65586
989113 39883
767057 34231
224478 14141
78680 73622
276445 87020
516639 36318
142220 93548
582490 69636
737655 20256
135981 78424
764529 55222
818072 30026
862171 4754
589705 92006
57592 53736
693618 91781
142363 63056
777197 77026
66999 66840
470211 72228
8545 43444
953343 86850
356485 50764
987372 35832
430608 94140
549361 39704
969729 11488
816241 83784
392141 48251
201986 22298
514078 66084
45492 11956
388981 72792
55983 22688
194915 55980
315775 26193
513042 19812
386927 85469
321300 69527
480018 74298
530353 68259
979746 45730
429513 16434
364684 95987
234636 38005
820441 83022
494977 48713
437856 65932
688619 309
372640 10190
536382 99885
119696 88414
990234 65776
951654 6623
397272 11534
579792 31671
977400 43977
460410 59538
871876 23264
777620 41445
424466 6511
371575 98060
463991 35794
352455 25782
335971 68961
68846 25094
929860 88704
954479 4893
727867 20093
747978 6132
854154 41491
85467 44122
920011 31553
271168 45876
403672 91886
414748 48788
646847 44490
780283 2674
144807 27190
296150 49089
374183 80777
385832 64995
69888 20394
256838 40311
762794 14106
955596 4816
848937 33300
481204 41062
103289 68947
77184 52372
801159 6961
851450 8283
310956 64357
591546 48084
797173 55762
452890 87696
769042 87707
508100 38721
695383 55281
669387 64937
286104 74529
107828 24982
666044 35040
420338 89031
341402 85684
792644 97521
505803 58912
139621 60445
308529 33110
305223 31166
135213 22053
309759 58112
113185 4255
775887 34210
615498 8567
783095 45273
586607 1602
552993 7274
996305 69002
54685 73331
987203 54058
29322 47329
524125 93006
342467 68942
416459 32653
454705 47690
405801 68024
488630 80815
615024 35337
843904 64516
226141 46874
164827 43350
66976 12747
581748 17819
207501 79632
433689 36432
112 94704
204061 79362
664655 24237
873241 62879
710568 81114
665489 27946
125112 32721
668057 54118
418633 40136
3361 28312
688014 44773
973871 68187
402357 54989
334620 55618
708402 26210
837265 84660
264022 24865
749101 57677
620555 45028
526141 38694
466639 31123
963843 7981
862098 8102
364589 48251
176563 97083
441855 67949
52487 80928
135916 15726
487695 54844
97405 86887
271546 96096
420961 34669
492345 51919
496947 86413
825106 12899
960373 39439
247420 8096
916198 40567
588818 25869
422951 80786
648735 81732
179011 81158
796883 17573
188768 14926
818164 929
997025 86172
737192 89709
657980 34337
620749 45888
375139 71278
727068 62207
770302 35511
292430 90839
116708 2851
483637 97599
195682 56010
437167 48723
382647 74692
689617 50401
551330 71415
857586 7780
113840 48354
999042 11130
857017 88171
475800 19790
98348 32155
84018 2868
210058 85002
587852 76447
774045 26765
899127 87840
752914 69726
344417 36293
86694 35561
706975 50385
574516 38023
702728 80912
192041 88355
492878 1769
837910 65410
797564 68677
687896 36258
321259 81581
774379 97954
741070 25462
13302 48423
518148 40196
976489 66215
901775 78916
929300 79534
217556 25101
722365 3815
708522 20283
